r3d2sklt
2
1338411
30
root
7
-1
0.1
-0.0347609 0.99938 -0.00562829 -2.71565e-016 
-0.999155 -0.0346283 0.0221494 54.4322 
0.0219407 0.00639347 0.999739 1.55862 
spine
4
0
0.1
-0.0554613 0.998377 -0.0129715 0.350513 
-0.995761 -0.0562614 -0.0727652 64.5072 
-0.0733768 0.00888091 0.997265 1.33738 
R_shoulder
5
1
0.1
-0.053915 0.919912 0.388402 13.907 
-0.883197 -0.225413 0.411281 86.0546 
0.465893 -0.320861 0.824616 -1.42882 
R_uparm
8
2
0.1
-0.11991 0.655635 0.745496 29.4282 
-0.338722 -0.732874 0.590053 81.8623 
0.933214 -0.181763 0.309957 -5.51073 
R_forearm
16
3
0.1
-0.428334 0.161476 0.889076 45.474 
0.793376 -0.403758 0.45556 63.9261 
0.432533 0.900503 0.0448321 -9.95913 
R_hand
15
4
0.1
-0.410837 0.336146 0.847478 49.2976 
0.841417 -0.218115 0.494413 54.3656 
0.351042 0.916205 -0.193229 11.3638 
R_finger
17
5
0.1
-0.429104 0.0417528 0.902289 56.0732 
0.790783 -0.46537 0.39761 49.9691 
0.4365 0.884131 0.166675 29.8315 
R_finger_b
18
6
0.1
-0.900034 0.0597118 0.431711 56.3791 
-0.344682 0.508672 -0.788953 46.5599 
-0.266709 -0.858887 -0.43724 36.3083 
R_thumb
14
5
0.1
-0.2947 -0.672085 0.679304 39.0129 
0.955507 -0.197898 0.218728 55.314 
-0.0125706 0.713539 0.700502 20.1866 
R_thumb_b
13
8
0.1
-0.859561 0.352098 0.370381 31.8209 
-0.224335 0.391223 -0.892535 53.1963 
-0.459161 -0.850277 -0.257292 27.8222 
neck
6
1
0.1
0.0281521 0.998377 -0.0495144 0.855424 
0.351879 -0.0562614 -0.934353 77.5904 
-0.935622 0.00888091 -0.352892 27.4595 
head
9
10
0.1
0.0551637 0.998377 -0.014184 0.644743 
0.916271 -0.0562614 -0.396588 74.9571 
-0.396742 0.00888091 -0.917887 34.4614 
mouse
10
11
0.1
0.0545131 0.998377 -0.0165087 0.390829 
0.898643 -0.0562614 -0.435057 70.7395 
-0.43528 0.00888091 -0.900251 36.2876 
L_shoulder
21
1
0.1
0.053915 0.933576 0.354301 -10.6484 
0.883197 0.120963 -0.453134 87.4384 
-0.465893 0.337349 -0.81801 -1.64724 
L_uparm
22
13
0.1
0.137432 0.610312 0.780148 -26.4674 
0.0539795 0.781837 -0.621142 85.0122 
-0.989039 0.127477 0.0745053 -6.00792 
L_forearm
25
14
0.1
-0.212051 0.47412 0.854543 -41.404 
-0.834556 0.367122 -0.410778 65.8777 
-0.50848 -0.80027 0.317831 -9.12782 
L_hand
26
15
0.1
-0.26849 0.172201 0.947766 -52.6306 
-0.959796 0.0358148 -0.278406 57.1847 
-0.0818859 -0.98441 0.155662 9.8217 
L_finger
27
16
0.1
-0.306843 -0.337256 0.890003 -56.1016 
-0.936044 0.27617 -0.218065 56.4627 
-0.172249 -0.899993 -0.400428 29.6642 
L_finger_b
29
17
0.1
-0.311918 -0.862123 0.399313 -53.631 
-0.942432 0.334064 -0.0149185 54.4396 
-0.120534 -0.380979 -0.916693 36.2572 
L_thumb
28
16
0.1
-0.235598 -0.699782 0.674388 -41.7792 
-0.961475 0.0667045 -0.266676 62.0497 
0.14163 -0.711236 -0.688538 16.3864 
L_thumb_b
24
19
0.1
-0.792515 -0.15252 0.590473 -34.2908 
-0.354156 0.903331 -0.242007 61.3359 
-0.496481 -0.400914 -0.769919 23.9973 
pelvis
0
0
0.1
0.0342558 0.99938 0.0081572 -0.233394 
0.998096 -0.0346283 0.051034 47.5218 
0.0512848 0.00639347 -0.998664 0.613228 
L_thigh
12
21
0.1
-0.521774 0.842819 -0.131938 -9.08814 
-0.757365 -0.386475 0.526342 44.6234 
0.39262 0.374557 0.839974 3.21461 
L_calf
19
22
0.1
0.274782 0.728983 -0.626959 -21.7475 
-0.791921 -0.198218 -0.577555 26.2482 
-0.545303 0.655205 0.52283 12.7404 
L_foot
20
23
0.1
-0.65937 0.726232 -0.19447 -16.3687 
-0.334721 -0.0519555 0.940884 10.7465 
0.673196 0.685484 0.277343 2.06623 
L_toe
23
24
0.1
-0.630527 0.764392 -0.134683 -31.0577 
-0.297413 -0.0776622 0.951585 3.28978 
0.716924 0.640057 0.276308 17.0633 
R_thigh
1
21
0.1
-0.552811 0.8241 -0.12353 8.36554 
0.735474 0.412826 -0.537264 44.0187 
-0.391763 -0.387858 -0.834319 3.32627 
R_calf
2
26
0.1
0.276337 0.961054 -0.0036225 21.7779 
0.788161 -0.224464 0.573078 26.1745 
0.549945 -0.161218 -0.819493 12.8313 
R_foot
3
27
0.1
-0.65945 0.751748 8.34511e-005 16.3686 
0.334699 0.293705 -0.895385 10.7464 
-0.673128 -0.590434 -0.445293 2.06618 
R_toe
11
28
0.1
-0.630612 0.764319 -0.134701 31.0595 
0.297392 0.0776621 -0.951592 3.2902 
-0.716859 -0.640144 -0.276277 17.0617 
